  id  |  id  
------+------
  784 |  784
  785 |  785
  786 |  786
  787 |  787
  788 |  788
  789 |  789
  790 |  790
  791 |  791
  792 |  792
  793 |  793
  794 |  794
  795 |  795
   16 |   16
   17 |   17
   18 |   18
   19 |   19
   20 |   20
   21 |   21
   22 |   22
   23 |   23
   24 |   24
   25 |   25
   26 |   26
   27 |   27
  796 |  796
  797 |  797
  798 |  798
  799 |  799
  800 |  800
  801 |  801
  802 |  802
  803 |  803
  804 |  804
  805 |  805
  806 |  806
  807 |  807
  808 |  808
  809 |  809
  810 |  810
  811 |  811
  812 |  812
  813 |  813
  814 |  814
  815 |  815
  816 |  816
  817 |  817
  818 |  818
  819 |  819
  820 |  820
  821 |  821
  822 |  822
  823 |  823
  824 |  824
  825 |  825
  826 |  826
  827 |  827
  828 |  828
  829 |  829
  830 |  830
  831 |  831
  832 |  832
 1152 | 1152
 1153 | 1153
 1154 | 1154
 1155 | 1155
 1156 | 1156
 1157 | 1157
 1158 | 1158
 1159 | 1159
 1160 | 1160
 1161 | 1161
  833 |  833
  834 |  834
  192 |  192
  193 |  193
  108 |  108
  109 |  109
  110 |  110
  111 |  111
  112 |  112
  113 |  113
  114 |  114
  115 |  115
  116 |  116
  117 |  117
  118 |  118
  119 |  119
  120 |  120
  121 |  121
  122 |  122
  123 |  123
  124 |  124
  125 |  125
  126 |  126
  194 |  194
  835 |  835
  836 |  836
 1104 | 1104
 1105 | 1105
 1106 | 1106
 1107 | 1107
 1108 | 1108
 1109 | 1109
 1118 | 1118
 1119 | 1119
 1120 | 1120
 1121 | 1121
 1122 | 1122
 1123 | 1123
 1124 | 1124
 1125 | 1125
 1137 | 1137
 1138 | 1138
 1139 | 1139
 1140 | 1140
 1141 | 1141
 1142 | 1142
 1143 | 1143
 1018 | 1018
 1019 | 1019
 1020 |     
 1021 | 1021
 1022 | 1022
 1035 | 1035
 1036 | 1036
 1037 | 1037
 1038 | 1038
 1039 | 1039
 1040 | 1040
 1076 | 1076
 1077 | 1077
 1078 | 1078
 1079 | 1079
 1080 | 1080
 1081 | 1081
 1082 | 1082
  837 |  837
  838 |  838
  839 |  839
  840 |  840
  841 |  841
  842 |  842
 1083 | 1083
 1084 | 1084
 1085 | 1085
 1086 | 1086
 1087 | 1087
  843 |  843
  844 |  844
  845 |  845
  846 |  846
  847 |  847
  848 |  848
  849 |  849
  850 |  850
  851 |  851
  852 |  852
  853 |  853
  854 |  854
 1088 | 1088
 1089 | 1089
 1090 | 1090
 1091 | 1091
 1092 | 1092
 1093 | 1093
 1094 | 1094
 1095 | 1095
 1096 | 1096
 1097 | 1097
 1098 | 1098
  761 |  761
  762 |  762
  763 |  763
  764 |  764
  705 |  705
  706 |  706
  707 |  707
  708 |  708
  709 |  709
  710 |  710
  711 |  711
  712 |  712
  713 |  713
  714 |  714
  715 |  715
  716 |  716
  717 |  717
  718 |  718
  719 |  719
  720 |  720
  721 |  721
  722 |  722
  723 |  723
  724 |  724
  725 |  725
  726 |  726
  727 |  727
  728 |  728
  729 |  729
  730 |  730
  731 |  731
  855 |  855
  856 |  856
  857 |  857
  914 |  914
  915 |  915
  916 |  916
  917 |  917
  918 |  918
  919 |  919
  920 |  920
  921 |  921
  922 |  922
  923 |  923
  924 |  924
  925 |  925
  926 |  926
  927 |  927
  928 |  928
  929 |  929
  930 |  930
  931 |  931
  932 |  932
  933 |  933
  934 |  934
  935 |  935
  936 |  936
  937 |  937
  938 |  938
  939 |  939
  940 |  940
 1168 | 1168
 1169 | 1169
 1170 | 1170
 1171 | 1171
 1172 | 1172
 1173 | 1173
  941 |  941
  942 |  942
 1174 | 1174
 1175 | 1175
 1176 | 1176
 1177 | 1177
 1178 | 1178
 1179 | 1179
 1180 | 1180
  967 |  967
  968 |  968
  969 |  969
  970 |  970
  703 |  703
 1099 | 1099
  732 |  732
  733 |  733
  734 |  734
  735 |  735
  736 |  736
 1100 | 1100
  738 |  738
  739 |  739
  740 |  740
  741 |  741
  742 |  742
  743 |  743
  744 |  744
  745 |  745
  746 |  746
  747 |  747
  748 |  748
  749 |  749
  750 |  750
  751 |  751
  752 |  752
  753 |  753
  754 |  754
 1101 | 1101
 1102 | 1102
 1103 | 1103
 1185 | 1185
 1186 | 1186
 1187 | 1187
 1188 | 1188
 1189 | 1189
 1190 | 1190
 1191 | 1191
 1192 | 1192
 1193 | 1193
 1194 | 1194
 1195 | 1195
 1196 | 1196
 1197 | 1197
 1198 | 1198
 1199 | 1199
 1200 | 1200
 1201 | 1201
 1202 | 1202
 1203 | 1203
 1204 | 1204
 1205 | 1205
 1206 | 1206
 1207 | 1207
 1208 | 1208
 1259 | 1259
 1260 | 1260
 1261 | 1261
 1262 | 1262
 1263 | 1263
 1264 | 1264
 1265 | 1265
 1266 | 1266
 1267 | 1267
 1268 | 1268
 1269 | 1269
 1270 | 1270
 1271 |     
 1272 | 1272
 1273 | 1273
 1274 | 1274
 1275 | 1275
 1276 |     
 1277 | 1277
 1278 | 1278
 1299 | 1299
 1300 | 1300
 1301 | 1301
 1302 | 1302
 1303 | 1303
 1304 | 1304
 1305 | 1305
 1306 | 1306
 1307 | 1307
 1308 | 1308
 1309 | 1309
 1310 | 1310
 1311 | 1311
 1312 | 1312
 1313 | 1313
 1314 | 1314
 1315 | 1315
 1316 | 1316
 1317 | 1317
 1318 | 1318
 1319 | 1319
 1320 | 1320
 1321 | 1321
 1322 | 1322
 1323 | 1323
 1324 | 1324
 1325 | 1325
 1326 | 1326
 1327 | 1327
 1328 | 1328
 1329 | 1329
 1330 | 1330
 1331 | 1331
 1332 | 1332
 1333 | 1333
 1334 | 1334
 1335 | 1335
 1336 | 1336
 1337 | 1337
 1338 | 1338
 1339 | 1339
 1340 | 1340
 1341 | 1341
 1342 | 1342
 1343 | 1343
 1344 | 1344
 1345 | 1345
 1347 | 1347
 1348 | 1348
 1349 |     
 1350 | 1350
 1351 | 1351
 1352 | 1352
 1361 | 1370
 1362 | 1371
 1346 | 1363
(378 rows)

